<!DOCTYPE html>
<!-- Generated by pkgdown: do not edit by hand --><html lang="en"><head><meta http-equiv="Content-Type" content="text/html; charset=UTF-8"><meta charset="utf-8"><meta http-equiv="X-UA-Compatible" content="IE=edge"><meta name="viewport" content="width=device-width, initial-scale=1.0"><title>Supervised classification and regression using support vector machine — mlSvm • mlearning</title><!-- favicons --><link rel="icon" type="image/png" sizes="16x16" href="../favicon-16x16.png"><link rel="icon" type="image/png" sizes="32x32" href="../favicon-32x32.png"><link rel="apple-touch-icon" type="image/png" sizes="180x180" href="../apple-touch-icon.png"><link rel="apple-touch-icon" type="image/png" sizes="152x152" href="../apple-touch-icon-152x152.png"><link rel="apple-touch-icon" type="image/png" sizes="120x120" href="../apple-touch-icon-120x120.png"><link rel="apple-touch-icon" type="image/png" sizes="76x76" href="../apple-touch-icon-76x76.png"><link rel="apple-touch-icon" type="image/png" sizes="60x60" href="../apple-touch-icon-60x60.png"><!-- jquery --><script src="https://cdnjs.cloudflare.com/ajax/libs/jquery/3.4.1/jquery.min.js" integrity="sha256-CSXorXvZcTkaix6Yvo6HppcZGetbYMGWSFlBw8HfCJo=" crossorigin="anonymous"></script><!-- Bootstrap --><link rel="stylesheet" href="https://cdnjs.cloudflare.com/ajax/libs/twitter-bootstrap/3.4.1/css/bootstrap.min.css" integrity="sha256-bZLfwXAP04zRMK2BjiO8iu9pf4FbLqX6zitd+tIvLhE=" crossorigin="anonymous"><script src="https://cdnjs.cloudflare.com/ajax/libs/twitter-bootstrap/3.4.1/js/bootstrap.min.js" integrity="sha256-nuL8/2cJ5NDSSwnKD8VqreErSWHtnEP9E7AySL+1ev4=" crossorigin="anonymous"></script><!-- bootstrap-toc --><link rel="stylesheet" href="../bootstrap-toc.css"><script src="../bootstrap-toc.js"></script><!-- Font Awesome icons --><link rel="stylesheet" href="https://cdnjs.cloudflare.com/ajax/libs/font-awesome/5.11.1/css/all.min.css" integrity="sha256-PbSmjxuVAzJ6FPvNYsrXygfGhNJYyZ2GktDbkMBqQZg=" crossorigin="anonymous"><link rel="stylesheet" href="https://cdnjs.cloudflare.com/ajax/libs/font-awesome/5.11.1/css/v4-shims.min.css" integrity="sha256-A6jcAdwFD48VMjlI3GDxUd+eCQa7/KWy6G9oe/ovaPA=" crossorigin="anonymous"><!-- clipboard.js --><script src="https://cdnjs.cloudflare.com/ajax/libs/clipboard.js/2.0.4/clipboard.min.js" integrity="sha256-FiZwavyI2V6+EXO1U+xzLG3IKldpiTFf3153ea9zikQ=" crossorigin="anonymous"></script><!-- headroom.js --><script src="https://cdnjs.cloudflare.com/ajax/libs/headroom/0.9.4/headroom.min.js" integrity="sha256-DJFC1kqIhelURkuza0AvYal5RxMtpzLjFhsnVIeuk+U=" crossorigin="anonymous"></script><script src="https://cdnjs.cloudflare.com/ajax/libs/headroom/0.9.4/jQuery.headroom.min.js" integrity="sha256-ZX/yNShbjqsohH1k95liqY9Gd8uOiE1S4vZc+9KQ1K4=" crossorigin="anonymous"></script><!-- pkgdown --><link href="../pkgdown.css" rel="stylesheet"><script src="../pkgdown.js"></script><!-- svPkgdown --><script src="../script.js"></script><!-- themify icon --><link rel="stylesheet" href="../themify-icons.css?nocache=123"><!--<link rel="stylesheet" href="../style.css?nocache=123">--><!-- bootstrat v4.1.1, required CSS from more recent version --><link rel="stylesheet" href="../bootstrap.more.css?nocache=123"><link href="../style.css?nocache=123" rel="stylesheet"><!-- end of addition for svPkgdown --><meta property="og:title" content="Supervised classification and regression using support vector machine — mlSvm"><meta property="og:description" content="Unified (formula-based) interface version of the support vector machine
algorithm provided by e1071::svm()."><meta name="twitter:card" content="summary"><!-- Mathjax --><script src="https://cdnjs.cloudflare.com/ajax/libs/mathjax/2.7.6/MathJax.js" async integrity="sha256-nlrDrBTHxJJlDDX22AS33xYI1OJHnGMDhiYMSe2U0e0=" crossorigin="anonymous"></script><script src="https://cdnjs.cloudflare.com/ajax/libs/mathjax/2.7.6/config/TeX-AMS-MML_HTMLorMML.js" async integrity="sha256-4zys9A4hMQmtq2EUL+JRoXc0NZi8jVJMzb8onewOaSQ=" crossorigin="anonymous"></script><!-- Global site tag (gtag.js) - Google Analytics --><!--<script async src="https://www.googletagmanager.com/gtag/js?id=UA-462421-8"></script>
<script>
  window.dataLayer = window.dataLayer || [];
  function gtag(){dataLayer.push(arguments);}
  gtag('js', new Date());

  gtag('config', 'UA-462421-8');
</script>--></head><body>
    <a href="#main" class="visually-hidden-focusable">Skip to contents</a>
    

    <!-- preloader start -->
<div class="preloader">
  <img src="../preloader.gif" alt="loading..."></div>
<!-- preloader end -->

<div class="navbar navbar-default navbar-fixed-top bg-secondary" role="navigation">
  <div class="container">
    <div class="navbar-header">
      <button type="button" class="navbar-toggle collapsed" data-toggle="collapse" data-target="#navbar" aria-expanded="false">
        <span class="sr-only">Toggle navigation</span>
        <span class="icon-bar"></span>
        <span class="icon-bar"></span>
        <span class="icon-bar"></span>
      </button>
      <div class="navbar-brand-container">
       <div class="navbar-brand-logo">
         <a class="external-link navbar-brand" href="https://www.sciviews.org">
          <img src="../logo_full.png" alt="SciViews"></a>
       </div>
       <div class="navbar-brand-package">
      </div>
      </div>
    </div>

    <div id="navbar" class="navbar-collapse collapse">
      <!-- start svPkgdown global site search with Google -->
      <form action="https://www.google.com/search" class="navbar-form navbar-right search-form-global">
        <div class="form-group has-search">
          <span class="fa fa-search form-control-feedback-global"></span>
          <input type="text" class="form-control-global search-form-input" name="q" id="q" placeholder="Search..." required><input type="hidden" name="sitesearch" value="https://www.sciviews.org"></div>
      </form>
      <!-- end svPkgdown global site search with Google -->
      <ul class="nav navbar-nav navbar-right"><li class="active nav-item">
  <a class="nav-link" href="../reference/index.html">Reference</a>
</li>
<li class="nav-item">
  <a class="nav-link" href="../news/index.html">Changelog</a>
</li>
        <li class="nav-item">
  <a class="external-link nav-link" href="https://github.com/SciViews/mlearning/" aria-label="github">
    <span class="fab fa fab fa-github fa-lg"></span>
     
  </a>
</li>
      </ul><div class="navbar-title">
        <a class="navbar-brand" href="../index.html"><p class="h2">mlearning <small>v1.2.1</small></p></a>
      </div>
    </div><!--/.nav-collapse -->
  </div><!--/.container -->
  <div class="navbar-spacer bg-light">
  </div>
</div><!--/.navbar -->

    <div class="container template-reference-topic">
<div class="row">
  <main id="main" class="col-md-9"><div class="page-header">
      <img src="" class="logo" alt=""><h1>Supervised classification and regression using support vector machine</h1>
      <small class="dont-index">Source: <a href="https://github.com/SciViews/mlearning/blob/HEAD/R/ml_svm.R" class="external-link"><code>R/ml_svm.R</code></a></small>
      <div class="d-none name"><code>mlSvm.Rd</code></div>
    </div>

    <div class="ref-description section level2">
    <p>Unified (formula-based) interface version of the support vector machine
algorithm provided by <code><a href="https://rdrr.io/pkg/e1071/man/svm.html" class="external-link">e1071::svm()</a></code>.</p>
    </div>

    <div class="section level2">
    <h2 id="ref-usage">Usage<a class="anchor" aria-label="anchor" href="#ref-usage"></a></h2>
    <div class="sourceCode"><pre class="sourceCode r"><code><span><span class="fu">mlSvm</span><span class="op">(</span><span class="va">train</span>, <span class="va">...</span><span class="op">)</span></span>
<span></span>
<span><span class="fu">ml_svm</span><span class="op">(</span><span class="va">train</span>, <span class="va">...</span><span class="op">)</span></span>
<span></span>
<span><span class="co"># S3 method for formula</span></span>
<span><span class="fu">mlSvm</span><span class="op">(</span></span>
<span>  <span class="va">formula</span>,</span>
<span>  <span class="va">data</span>,</span>
<span>  scale <span class="op">=</span> <span class="cn">TRUE</span>,</span>
<span>  type <span class="op">=</span> <span class="cn">NULL</span>,</span>
<span>  kernel <span class="op">=</span> <span class="st">"radial"</span>,</span>
<span>  classwt <span class="op">=</span> <span class="cn">NULL</span>,</span>
<span>  <span class="va">...</span>,</span>
<span>  <span class="va">subset</span>,</span>
<span>  <span class="va">na.action</span></span>
<span><span class="op">)</span></span>
<span></span>
<span><span class="co"># S3 method for default</span></span>
<span><span class="fu">mlSvm</span><span class="op">(</span></span>
<span>  <span class="va">train</span>,</span>
<span>  <span class="va">response</span>,</span>
<span>  scale <span class="op">=</span> <span class="cn">TRUE</span>,</span>
<span>  type <span class="op">=</span> <span class="cn">NULL</span>,</span>
<span>  kernel <span class="op">=</span> <span class="st">"radial"</span>,</span>
<span>  classwt <span class="op">=</span> <span class="cn">NULL</span>,</span>
<span>  <span class="va">...</span></span>
<span><span class="op">)</span></span>
<span></span>
<span><span class="co"># S3 method for mlSvm</span></span>
<span><span class="fu"><a href="https://rdrr.io/r/stats/predict.html" class="external-link">predict</a></span><span class="op">(</span></span>
<span>  <span class="va">object</span>,</span>
<span>  <span class="va">newdata</span>,</span>
<span>  type <span class="op">=</span> <span class="fu"><a href="https://rdrr.io/r/base/c.html" class="external-link">c</a></span><span class="op">(</span><span class="st">"class"</span>, <span class="st">"membership"</span>, <span class="st">"both"</span><span class="op">)</span>,</span>
<span>  method <span class="op">=</span> <span class="fu"><a href="https://rdrr.io/r/base/c.html" class="external-link">c</a></span><span class="op">(</span><span class="st">"direct"</span>, <span class="st">"cv"</span><span class="op">)</span>,</span>
<span>  na.action <span class="op">=</span> <span class="va">na.exclude</span>,</span>
<span>  <span class="va">...</span></span>
<span><span class="op">)</span></span></code></pre></div>
    </div>

    <div class="section level2">
    <h2 id="arguments">Arguments<a class="anchor" aria-label="anchor" href="#arguments"></a></h2>
    <dl><dt>train</dt>
<dd><p>a matrix or data frame with predictors.</p></dd>


<dt>...</dt>
<dd><p>further arguments passed to the classification or regression
method. See <code><a href="https://rdrr.io/pkg/e1071/man/svm.html" class="external-link">e1071::svm()</a></code>.</p></dd>


<dt>formula</dt>
<dd><p>a formula with left term being the factor variable to predict
(for supervised classification), a vector of numbers (for regression) or
nothing (for unsupervised classification) and the right term with the list
of independent, predictive variables, separated with a plus sign. If the
data frame provided contains only the dependent and independent variables,
one can use the <code>class ~ .</code> short version (that one is strongly encouraged).
Variables with minus sign are eliminated. Calculations on variables are
possible according to usual formula convention (possibly protected by using
<code><a href="https://rdrr.io/r/base/AsIs.html" class="external-link">I()</a></code>).</p></dd>


<dt>data</dt>
<dd><p>a data.frame to use as a training set.</p></dd>


<dt>scale</dt>
<dd><p>are the variables scaled (so that mean = 0 and standard
deviation = 1)? <code>TRUE</code> by default. If a vector is provided, it is applied
to variables with recycling.</p></dd>


<dt>type</dt>
<dd><p>For <code>ml_svm()</code>/<code>mlSvm()</code>, the type of classification or
regression machine to use. The default value of <code>NULL</code> uses
<code>"C-classification"</code> if response variable is factor and  <code>eps-regression</code>
if it is numeric. It can also be <code>"nu-classification"</code> or
<code>"nu-regression"</code>. The "C" and "nu" versions are basically the same but
with a different parameterisation. The range of C is from zero to infinity,
while the range for nu is from zero to one. A fifth option is
<code>"one_classification"</code> that is specific to novelty detection (find the
items that are different from the rest).
For <code><a href="https://rdrr.io/r/stats/predict.html" class="external-link">predict()</a></code>, the type of prediction to return. <code>"class"</code> by default,
the predicted classes. Other options are <code>"membership"</code> the membership
(number between 0 and 1) to the different classes, or  <code>"both"</code> to return
classes and memberships.</p></dd>


<dt>kernel</dt>
<dd><p>the kernel used by svm, see <code><a href="https://rdrr.io/pkg/e1071/man/svm.html" class="external-link">e1071::svm()</a></code> for further
explanations. Can be <code>"radial"</code>, <code>"linear"</code>, <code>"polynomial"</code> or <code>"sigmoid"</code>.</p></dd>


<dt>classwt</dt>
<dd><p>priors of the classes. Need not add up to one.</p></dd>


<dt>subset</dt>
<dd><p>index vector with the cases to define the training set in use
(this argument must be named, if provided).</p></dd>


<dt>na.action</dt>
<dd><p>function to specify the action to be taken if <code>NA</code>s are
found. For <code>ml_svm()</code> <code>na.fail</code> is used by default. The calculation is
stopped if there is any <code>NA</code> in the data. Another option is <code>na.omit</code>,
where cases with missing values on any required variable are dropped (this
argument must be named, if provided). For the <code><a href="https://rdrr.io/r/stats/predict.html" class="external-link">predict()</a></code> method, the
default, and most suitable option, is <code>na.exclude</code>. In that case, rows with
<code>NA</code>s in <code>newdata=</code> are excluded from prediction, but reinjected in the
final results so that the number of items is still the same (and in the
same order as <code>newdata=</code>).</p></dd>


<dt>response</dt>
<dd><p>a vector of factor (classification) or numeric (regression).</p></dd>


<dt>object</dt>
<dd><p>an <strong>mlSvm</strong> object</p></dd>


<dt>newdata</dt>
<dd><p>a new dataset with same conformation as the training set (same
variables, except may by the class for classification or dependent variable
for regression). Usually a test set, or a new dataset to be predicted.</p></dd>


<dt>method</dt>
<dd><p><code>"direct"</code> (default) or <code>"cv"</code>. <code>"direct"</code> predicts new cases in
<code>newdata=</code> if this argument is provided, or the cases in the training set
if not. Take care that not providing <code>newdata=</code> means that you just
calculate the <strong>self-consistency</strong> of the classifier but cannot use the
metrics derived from these results for the assessment of its performances.
Either use a different data set in <code>newdata=</code> or use the alternate
cross-validation ("cv") technique. If you specify <code>method = "cv"</code> then
<code><a href="mlearning.html">cvpredict()</a></code> is used and you cannot provide <code>newdata=</code> in that case.</p></dd>

</dl></div>
    <div class="section level2">
    <h2 id="value">Value<a class="anchor" aria-label="anchor" href="#value"></a></h2>
    

<p><code>ml_svm()</code>/<code>mlSvm()</code> creates an <strong>mlSvm</strong>, <strong>mlearning</strong> object
containing the classifier and a lot of additional metadata used by the
functions and methods you can apply to it like <code><a href="https://rdrr.io/r/stats/predict.html" class="external-link">predict()</a></code> or
<code><a href="mlearning.html">cvpredict()</a></code>. In case you want to program new functions or extract
specific components, inspect the "unclassed" object using <code><a href="https://rdrr.io/r/base/class.html" class="external-link">unclass()</a></code>.</p>
    </div>
    <div class="section level2">
    <h2 id="see-also">See also<a class="anchor" aria-label="anchor" href="#see-also"></a></h2>
    <div class="dont-index"><p><code><a href="mlearning.html">mlearning()</a></code>, <code><a href="mlearning.html">cvpredict()</a></code>, <code><a href="confusion.html">confusion()</a></code>, also <code><a href="https://rdrr.io/pkg/e1071/man/svm.html" class="external-link">e1071::svm()</a></code>
that actually does the calculation.</p></div>
    </div>

    <div class="section level2">
    <h2 id="ref-examples">Examples<a class="anchor" aria-label="anchor" href="#ref-examples"></a></h2>
    <div class="sourceCode"><pre class="sourceCode r"><code><span class="r-in"><span><span class="co"># Prepare data: split into training set (2/3) and test set (1/3)</span></span></span>
<span class="r-in"><span><span class="fu"><a href="https://rdrr.io/r/utils/data.html" class="external-link">data</a></span><span class="op">(</span><span class="st">"iris"</span>, package <span class="op">=</span> <span class="st">"datasets"</span><span class="op">)</span></span></span>
<span class="r-in"><span><span class="va">train</span> <span class="op">&lt;-</span> <span class="fu"><a href="https://rdrr.io/r/base/c.html" class="external-link">c</a></span><span class="op">(</span><span class="fl">1</span><span class="op">:</span><span class="fl">34</span>, <span class="fl">51</span><span class="op">:</span><span class="fl">83</span>, <span class="fl">101</span><span class="op">:</span><span class="fl">133</span><span class="op">)</span></span></span>
<span class="r-in"><span><span class="va">iris_train</span> <span class="op">&lt;-</span> <span class="va">iris</span><span class="op">[</span><span class="va">train</span>, <span class="op">]</span></span></span>
<span class="r-in"><span><span class="va">iris_test</span> <span class="op">&lt;-</span> <span class="va">iris</span><span class="op">[</span><span class="op">-</span><span class="va">train</span>, <span class="op">]</span></span></span>
<span class="r-in"><span><span class="co"># One case with missing data in train set, and another case in test set</span></span></span>
<span class="r-in"><span><span class="va">iris_train</span><span class="op">[</span><span class="fl">1</span>, <span class="fl">1</span><span class="op">]</span> <span class="op">&lt;-</span> <span class="cn">NA</span></span></span>
<span class="r-in"><span><span class="va">iris_test</span><span class="op">[</span><span class="fl">25</span>, <span class="fl">2</span><span class="op">]</span> <span class="op">&lt;-</span> <span class="cn">NA</span></span></span>
<span class="r-in"><span></span></span>
<span class="r-in"><span><span class="va">iris_svm</span> <span class="op">&lt;-</span> <span class="fu">ml_svm</span><span class="op">(</span>data <span class="op">=</span> <span class="va">iris_train</span>, <span class="va">Species</span> <span class="op">~</span> <span class="va">.</span><span class="op">)</span></span></span>
<span class="r-in"><span><span class="fu"><a href="https://rdrr.io/r/base/summary.html" class="external-link">summary</a></span><span class="op">(</span><span class="va">iris_svm</span><span class="op">)</span></span></span>
<span class="r-out co"><span class="r-pr">#&gt;</span> A mlearning object of class mlSvm (support vector machine):</span>
<span class="r-out co"><span class="r-pr">#&gt;</span> Initial call: mlSvm.formula(formula = Species ~ ., data = iris_train)</span>
<span class="r-out co"><span class="r-pr">#&gt;</span> </span>
<span class="r-out co"><span class="r-pr">#&gt;</span> Call:</span>
<span class="r-out co"><span class="r-pr">#&gt;</span> svm.default(x = sapply(train, as.numeric), y = response, scale = scale, </span>
<span class="r-out co"><span class="r-pr">#&gt;</span>     type = type, kernel = kernel, class.weights = classwt, probability = TRUE, </span>
<span class="r-out co"><span class="r-pr">#&gt;</span>     .args. = ..1)</span>
<span class="r-out co"><span class="r-pr">#&gt;</span> </span>
<span class="r-out co"><span class="r-pr">#&gt;</span> </span>
<span class="r-out co"><span class="r-pr">#&gt;</span> Parameters:</span>
<span class="r-out co"><span class="r-pr">#&gt;</span>    SVM-Type:  C-classification </span>
<span class="r-out co"><span class="r-pr">#&gt;</span>  SVM-Kernel:  radial </span>
<span class="r-out co"><span class="r-pr">#&gt;</span>        cost:  1 </span>
<span class="r-out co"><span class="r-pr">#&gt;</span> </span>
<span class="r-out co"><span class="r-pr">#&gt;</span> Number of Support Vectors:  42</span>
<span class="r-out co"><span class="r-pr">#&gt;</span> </span>
<span class="r-out co"><span class="r-pr">#&gt;</span>  ( 8 17 17 )</span>
<span class="r-out co"><span class="r-pr">#&gt;</span> </span>
<span class="r-out co"><span class="r-pr">#&gt;</span> </span>
<span class="r-out co"><span class="r-pr">#&gt;</span> Number of Classes:  3 </span>
<span class="r-out co"><span class="r-pr">#&gt;</span> </span>
<span class="r-out co"><span class="r-pr">#&gt;</span> Levels: </span>
<span class="r-out co"><span class="r-pr">#&gt;</span>  setosa versicolor virginica</span>
<span class="r-out co"><span class="r-pr">#&gt;</span> </span>
<span class="r-out co"><span class="r-pr">#&gt;</span> </span>
<span class="r-out co"><span class="r-pr">#&gt;</span> </span>
<span class="r-in"><span><span class="fu"><a href="https://rdrr.io/r/stats/predict.html" class="external-link">predict</a></span><span class="op">(</span><span class="va">iris_svm</span><span class="op">)</span> <span class="co"># Default type is class</span></span></span>
<span class="r-out co"><span class="r-pr">#&gt;</span>  [1] setosa     setosa     setosa     setosa     setosa     setosa    </span>
<span class="r-out co"><span class="r-pr">#&gt;</span>  [7] setosa     setosa     setosa     setosa     setosa     setosa    </span>
<span class="r-out co"><span class="r-pr">#&gt;</span> [13] setosa     setosa     setosa     setosa     setosa     setosa    </span>
<span class="r-out co"><span class="r-pr">#&gt;</span> [19] setosa     setosa     setosa     setosa     setosa     setosa    </span>
<span class="r-out co"><span class="r-pr">#&gt;</span> [25] setosa     setosa     setosa     setosa     setosa     setosa    </span>
<span class="r-out co"><span class="r-pr">#&gt;</span> [31] setosa     setosa     setosa     versicolor versicolor versicolor</span>
<span class="r-out co"><span class="r-pr">#&gt;</span> [37] versicolor versicolor versicolor versicolor versicolor versicolor</span>
<span class="r-out co"><span class="r-pr">#&gt;</span> [43] versicolor versicolor versicolor versicolor versicolor versicolor</span>
<span class="r-out co"><span class="r-pr">#&gt;</span> [49] versicolor versicolor versicolor versicolor versicolor versicolor</span>
<span class="r-out co"><span class="r-pr">#&gt;</span> [55] versicolor versicolor versicolor versicolor versicolor versicolor</span>
<span class="r-out co"><span class="r-pr">#&gt;</span> [61] virginica  versicolor versicolor versicolor versicolor versicolor</span>
<span class="r-out co"><span class="r-pr">#&gt;</span> [67] virginica  virginica  virginica  virginica  virginica  virginica </span>
<span class="r-out co"><span class="r-pr">#&gt;</span> [73] virginica  virginica  virginica  virginica  virginica  virginica </span>
<span class="r-out co"><span class="r-pr">#&gt;</span> [79] virginica  virginica  virginica  virginica  virginica  virginica </span>
<span class="r-out co"><span class="r-pr">#&gt;</span> [85] virginica  versicolor virginica  virginica  virginica  virginica </span>
<span class="r-out co"><span class="r-pr">#&gt;</span> [91] virginica  virginica  virginica  virginica  virginica  virginica </span>
<span class="r-out co"><span class="r-pr">#&gt;</span> [97] virginica  virginica  virginica </span>
<span class="r-out co"><span class="r-pr">#&gt;</span> Levels: setosa versicolor virginica</span>
<span class="r-in"><span><span class="fu"><a href="https://rdrr.io/r/stats/predict.html" class="external-link">predict</a></span><span class="op">(</span><span class="va">iris_svm</span>, type <span class="op">=</span> <span class="st">"membership"</span><span class="op">)</span></span></span>
<span class="r-out co"><span class="r-pr">#&gt;</span>         setosa  versicolor   virginica</span>
<span class="r-out co"><span class="r-pr">#&gt;</span> 1  0.952774913 0.030871412 0.016353675</span>
<span class="r-out co"><span class="r-pr">#&gt;</span> 2  0.968246698 0.017814836 0.013938466</span>
<span class="r-out co"><span class="r-pr">#&gt;</span> 3  0.962422695 0.022536988 0.015040318</span>
<span class="r-out co"><span class="r-pr">#&gt;</span> 4  0.964604420 0.019090493 0.016305087</span>
<span class="r-out co"><span class="r-pr">#&gt;</span> 5  0.952920314 0.028915268 0.018164418</span>
<span class="r-out co"><span class="r-pr">#&gt;</span> 6  0.964235804 0.019066326 0.016697870</span>
<span class="r-out co"><span class="r-pr">#&gt;</span> 7  0.967382674 0.018700065 0.013917261</span>
<span class="r-out co"><span class="r-pr">#&gt;</span> 8  0.940953600 0.037583456 0.021462944</span>
<span class="r-out co"><span class="r-pr">#&gt;</span> 9  0.962462310 0.022665107 0.014872582</span>
<span class="r-out co"><span class="r-pr">#&gt;</span> 10 0.957392104 0.025273315 0.017334581</span>
<span class="r-out co"><span class="r-pr">#&gt;</span> 11 0.967071625 0.018274876 0.014653499</span>
<span class="r-out co"><span class="r-pr">#&gt;</span> 12 0.957854393 0.025941969 0.016203638</span>
<span class="r-out co"><span class="r-pr">#&gt;</span> 13 0.951230899 0.027373121 0.021395980</span>
<span class="r-out co"><span class="r-pr">#&gt;</span> 14 0.938694244 0.036062239 0.025243518</span>
<span class="r-out co"><span class="r-pr">#&gt;</span> 15 0.930932398 0.037660337 0.031407266</span>
<span class="r-out co"><span class="r-pr">#&gt;</span> 16 0.953219533 0.028252123 0.018528344</span>
<span class="r-out co"><span class="r-pr">#&gt;</span> 17 0.965037235 0.020515079 0.014447686</span>
<span class="r-out co"><span class="r-pr">#&gt;</span> 18 0.942181745 0.037607045 0.020211210</span>
<span class="r-out co"><span class="r-pr">#&gt;</span> 19 0.956476189 0.025217590 0.018306221</span>
<span class="r-out co"><span class="r-pr">#&gt;</span> 20 0.951143415 0.031490947 0.017365638</span>
<span class="r-out co"><span class="r-pr">#&gt;</span> 21 0.959398293 0.023903159 0.016698548</span>
<span class="r-out co"><span class="r-pr">#&gt;</span> 22 0.951029511 0.024514896 0.024455593</span>
<span class="r-out co"><span class="r-pr">#&gt;</span> 23 0.944831578 0.038361661 0.016806761</span>
<span class="r-out co"><span class="r-pr">#&gt;</span> 24 0.962832146 0.021532656 0.015635198</span>
<span class="r-out co"><span class="r-pr">#&gt;</span> 25 0.943963470 0.038356821 0.017679709</span>
<span class="r-out co"><span class="r-pr">#&gt;</span> 26 0.961153875 0.024412795 0.014433330</span>
<span class="r-out co"><span class="r-pr">#&gt;</span> 27 0.963690404 0.021316634 0.014992962</span>
<span class="r-out co"><span class="r-pr">#&gt;</span> 28 0.964058935 0.021234779 0.014706286</span>
<span class="r-out co"><span class="r-pr">#&gt;</span> 29 0.965595320 0.020291904 0.014112777</span>
<span class="r-out co"><span class="r-pr">#&gt;</span> 30 0.960520933 0.024951684 0.014527383</span>
<span class="r-out co"><span class="r-pr">#&gt;</span> 31 0.946807644 0.035864733 0.017327624</span>
<span class="r-out co"><span class="r-pr">#&gt;</span> 32 0.940206660 0.032229594 0.027563746</span>
<span class="r-out co"><span class="r-pr">#&gt;</span> 33 0.943120577 0.031535798 0.025343625</span>
<span class="r-out co"><span class="r-pr">#&gt;</span> 34 0.020963596 0.915961853 0.063074551</span>
<span class="r-out co"><span class="r-pr">#&gt;</span> 35 0.016993047 0.952505456 0.030501498</span>
<span class="r-out co"><span class="r-pr">#&gt;</span> 36 0.017671232 0.819575341 0.162753427</span>
<span class="r-out co"><span class="r-pr">#&gt;</span> 37 0.009421227 0.950487262 0.040091511</span>
<span class="r-out co"><span class="r-pr">#&gt;</span> 38 0.010969701 0.896696242 0.092334057</span>
<span class="r-out co"><span class="r-pr">#&gt;</span> 39 0.010661393 0.968091338 0.021247269</span>
<span class="r-out co"><span class="r-pr">#&gt;</span> 40 0.021361907 0.899152303 0.079485790</span>
<span class="r-out co"><span class="r-pr">#&gt;</span> 41 0.029940743 0.947635850 0.022423407</span>
<span class="r-out co"><span class="r-pr">#&gt;</span> 42 0.012796178 0.969508994 0.017694828</span>
<span class="r-out co"><span class="r-pr">#&gt;</span> 43 0.014664266 0.944933707 0.040402026</span>
<span class="r-out co"><span class="r-pr">#&gt;</span> 44 0.024259722 0.934219500 0.041520778</span>
<span class="r-out co"><span class="r-pr">#&gt;</span> 45 0.013588403 0.964252771 0.022158826</span>
<span class="r-out co"><span class="r-pr">#&gt;</span> 46 0.018468182 0.969363152 0.012168667</span>
<span class="r-out co"><span class="r-pr">#&gt;</span> 47 0.010214462 0.949759268 0.040026270</span>
<span class="r-out co"><span class="r-pr">#&gt;</span> 48 0.023092401 0.969530046 0.007377553</span>
<span class="r-out co"><span class="r-pr">#&gt;</span> 49 0.015699093 0.965414193 0.018886714</span>
<span class="r-out co"><span class="r-pr">#&gt;</span> 50 0.016055557 0.929710698 0.054233745</span>
<span class="r-out co"><span class="r-pr">#&gt;</span> 51 0.015149669 0.980865568 0.003984763</span>
<span class="r-out co"><span class="r-pr">#&gt;</span> 52 0.019918527 0.787181492 0.192899980</span>
<span class="r-out co"><span class="r-pr">#&gt;</span> 53 0.011021435 0.981596035 0.007382529</span>
<span class="r-out co"><span class="r-pr">#&gt;</span> 54 0.022867705 0.619562645 0.357569650</span>
<span class="r-out co"><span class="r-pr">#&gt;</span> 55 0.010899323 0.983325760 0.005774916</span>
<span class="r-out co"><span class="r-pr">#&gt;</span> 56 0.013576732 0.678881884 0.307541384</span>
<span class="r-out co"><span class="r-pr">#&gt;</span> 57 0.010787973 0.976565011 0.012647017</span>
<span class="r-out co"><span class="r-pr">#&gt;</span> 58 0.011807199 0.980322599 0.007870202</span>
<span class="r-out co"><span class="r-pr">#&gt;</span> 59 0.013159217 0.968493106 0.018347677</span>
<span class="r-out co"><span class="r-pr">#&gt;</span> 60 0.014841249 0.898495677 0.086663074</span>
<span class="r-out co"><span class="r-pr">#&gt;</span> 61 0.015575825 0.423357433 0.561066741</span>
<span class="r-out co"><span class="r-pr">#&gt;</span> 62 0.010068025 0.934621023 0.055310951</span>
<span class="r-out co"><span class="r-pr">#&gt;</span> 63 0.019267710 0.975995279 0.004737011</span>
<span class="r-out co"><span class="r-pr">#&gt;</span> 64 0.011135553 0.978660908 0.010203539</span>
<span class="r-out co"><span class="r-pr">#&gt;</span> 65 0.013676848 0.978899513 0.007423639</span>
<span class="r-out co"><span class="r-pr">#&gt;</span> 66 0.011502970 0.983392125 0.005104905</span>
<span class="r-out co"><span class="r-pr">#&gt;</span> 67 0.019235585 0.006796298 0.973968117</span>
<span class="r-out co"><span class="r-pr">#&gt;</span> 68 0.010494832 0.046342605 0.943162563</span>
<span class="r-out co"><span class="r-pr">#&gt;</span> 69 0.010480653 0.005983146 0.983536201</span>
<span class="r-out co"><span class="r-pr">#&gt;</span> 70 0.011887374 0.044459946 0.943652680</span>
<span class="r-out co"><span class="r-pr">#&gt;</span> 71 0.010915737 0.003342065 0.985742198</span>
<span class="r-out co"><span class="r-pr">#&gt;</span> 72 0.013081741 0.007100951 0.979817308</span>
<span class="r-out co"><span class="r-pr">#&gt;</span> 73 0.015892993 0.392434228 0.591672779</span>
<span class="r-out co"><span class="r-pr">#&gt;</span> 74 0.013193374 0.015848064 0.970958562</span>
<span class="r-out co"><span class="r-pr">#&gt;</span> 75 0.013684208 0.030398101 0.955917690</span>
<span class="r-out co"><span class="r-pr">#&gt;</span> 76 0.019045733 0.015013759 0.965940508</span>
<span class="r-out co"><span class="r-pr">#&gt;</span> 77 0.016725909 0.096380607 0.886893484</span>
<span class="r-out co"><span class="r-pr">#&gt;</span> 78 0.010731795 0.029645356 0.959622849</span>
<span class="r-out co"><span class="r-pr">#&gt;</span> 79 0.011009667 0.009681532 0.979308801</span>
<span class="r-out co"><span class="r-pr">#&gt;</span> 80 0.010060303 0.027605123 0.962334574</span>
<span class="r-out co"><span class="r-pr">#&gt;</span> 81 0.014098795 0.004140644 0.981760561</span>
<span class="r-out co"><span class="r-pr">#&gt;</span> 82 0.015411488 0.012837844 0.971750668</span>
<span class="r-out co"><span class="r-pr">#&gt;</span> 83 0.013296118 0.073259072 0.913444810</span>
<span class="r-out co"><span class="r-pr">#&gt;</span> 84 0.024332649 0.023191460 0.952475891</span>
<span class="r-out co"><span class="r-pr">#&gt;</span> 85 0.023234439 0.016001691 0.960763869</span>
<span class="r-out co"><span class="r-pr">#&gt;</span> 86 0.018080835 0.572952116 0.408967049</span>
<span class="r-out co"><span class="r-pr">#&gt;</span> 87 0.011863861 0.005932962 0.982203177</span>
<span class="r-out co"><span class="r-pr">#&gt;</span> 88 0.012470468 0.050151824 0.937377708</span>
<span class="r-out co"><span class="r-pr">#&gt;</span> 89 0.017177365 0.013410635 0.969412000</span>
<span class="r-out co"><span class="r-pr">#&gt;</span> 90 0.012209514 0.170174585 0.817615901</span>
<span class="r-out co"><span class="r-pr">#&gt;</span> 91 0.013586337 0.019251949 0.967161714</span>
<span class="r-out co"><span class="r-pr">#&gt;</span> 92 0.012729685 0.030355806 0.956914509</span>
<span class="r-out co"><span class="r-pr">#&gt;</span> 93 0.012665785 0.251274790 0.736059425</span>
<span class="r-out co"><span class="r-pr">#&gt;</span> 94 0.015233431 0.338331853 0.646434716</span>
<span class="r-out co"><span class="r-pr">#&gt;</span> 95 0.010240692 0.004450885 0.985308423</span>
<span class="r-out co"><span class="r-pr">#&gt;</span> 96 0.017185457 0.118323789 0.864490754</span>
<span class="r-out co"><span class="r-pr">#&gt;</span> 97 0.013799572 0.016625171 0.969575258</span>
<span class="r-out co"><span class="r-pr">#&gt;</span> 98 0.025818577 0.031130094 0.943051329</span>
<span class="r-out co"><span class="r-pr">#&gt;</span> 99 0.010528869 0.002922124 0.986549007</span>
<span class="r-in"><span><span class="fu"><a href="https://rdrr.io/r/stats/predict.html" class="external-link">predict</a></span><span class="op">(</span><span class="va">iris_svm</span>, type <span class="op">=</span> <span class="st">"both"</span><span class="op">)</span></span></span>
<span class="r-out co"><span class="r-pr">#&gt;</span> $class</span>
<span class="r-out co"><span class="r-pr">#&gt;</span>  [1] setosa     setosa     setosa     setosa     setosa     setosa    </span>
<span class="r-out co"><span class="r-pr">#&gt;</span>  [7] setosa     setosa     setosa     setosa     setosa     setosa    </span>
<span class="r-out co"><span class="r-pr">#&gt;</span> [13] setosa     setosa     setosa     setosa     setosa     setosa    </span>
<span class="r-out co"><span class="r-pr">#&gt;</span> [19] setosa     setosa     setosa     setosa     setosa     setosa    </span>
<span class="r-out co"><span class="r-pr">#&gt;</span> [25] setosa     setosa     setosa     setosa     setosa     setosa    </span>
<span class="r-out co"><span class="r-pr">#&gt;</span> [31] setosa     setosa     setosa     versicolor versicolor versicolor</span>
<span class="r-out co"><span class="r-pr">#&gt;</span> [37] versicolor versicolor versicolor versicolor versicolor versicolor</span>
<span class="r-out co"><span class="r-pr">#&gt;</span> [43] versicolor versicolor versicolor versicolor versicolor versicolor</span>
<span class="r-out co"><span class="r-pr">#&gt;</span> [49] versicolor versicolor versicolor versicolor versicolor versicolor</span>
<span class="r-out co"><span class="r-pr">#&gt;</span> [55] versicolor versicolor versicolor versicolor versicolor versicolor</span>
<span class="r-out co"><span class="r-pr">#&gt;</span> [61] virginica  versicolor versicolor versicolor versicolor versicolor</span>
<span class="r-out co"><span class="r-pr">#&gt;</span> [67] virginica  virginica  virginica  virginica  virginica  virginica </span>
<span class="r-out co"><span class="r-pr">#&gt;</span> [73] virginica  virginica  virginica  virginica  virginica  virginica </span>
<span class="r-out co"><span class="r-pr">#&gt;</span> [79] virginica  virginica  virginica  virginica  virginica  virginica </span>
<span class="r-out co"><span class="r-pr">#&gt;</span> [85] virginica  versicolor virginica  virginica  virginica  virginica </span>
<span class="r-out co"><span class="r-pr">#&gt;</span> [91] virginica  virginica  virginica  virginica  virginica  virginica </span>
<span class="r-out co"><span class="r-pr">#&gt;</span> [97] virginica  virginica  virginica </span>
<span class="r-out co"><span class="r-pr">#&gt;</span> Levels: setosa versicolor virginica</span>
<span class="r-out co"><span class="r-pr">#&gt;</span> </span>
<span class="r-out co"><span class="r-pr">#&gt;</span> $membership</span>
<span class="r-out co"><span class="r-pr">#&gt;</span>         setosa  versicolor   virginica</span>
<span class="r-out co"><span class="r-pr">#&gt;</span> 1  0.952774913 0.030871412 0.016353675</span>
<span class="r-out co"><span class="r-pr">#&gt;</span> 2  0.968246698 0.017814836 0.013938466</span>
<span class="r-out co"><span class="r-pr">#&gt;</span> 3  0.962422695 0.022536988 0.015040318</span>
<span class="r-out co"><span class="r-pr">#&gt;</span> 4  0.964604420 0.019090493 0.016305087</span>
<span class="r-out co"><span class="r-pr">#&gt;</span> 5  0.952920314 0.028915268 0.018164418</span>
<span class="r-out co"><span class="r-pr">#&gt;</span> 6  0.964235804 0.019066326 0.016697870</span>
<span class="r-out co"><span class="r-pr">#&gt;</span> 7  0.967382674 0.018700065 0.013917261</span>
<span class="r-out co"><span class="r-pr">#&gt;</span> 8  0.940953600 0.037583456 0.021462944</span>
<span class="r-out co"><span class="r-pr">#&gt;</span> 9  0.962462310 0.022665107 0.014872582</span>
<span class="r-out co"><span class="r-pr">#&gt;</span> 10 0.957392104 0.025273315 0.017334581</span>
<span class="r-out co"><span class="r-pr">#&gt;</span> 11 0.967071625 0.018274876 0.014653499</span>
<span class="r-out co"><span class="r-pr">#&gt;</span> 12 0.957854393 0.025941969 0.016203638</span>
<span class="r-out co"><span class="r-pr">#&gt;</span> 13 0.951230899 0.027373121 0.021395980</span>
<span class="r-out co"><span class="r-pr">#&gt;</span> 14 0.938694244 0.036062239 0.025243518</span>
<span class="r-out co"><span class="r-pr">#&gt;</span> 15 0.930932398 0.037660337 0.031407266</span>
<span class="r-out co"><span class="r-pr">#&gt;</span> 16 0.953219533 0.028252123 0.018528344</span>
<span class="r-out co"><span class="r-pr">#&gt;</span> 17 0.965037235 0.020515079 0.014447686</span>
<span class="r-out co"><span class="r-pr">#&gt;</span> 18 0.942181745 0.037607045 0.020211210</span>
<span class="r-out co"><span class="r-pr">#&gt;</span> 19 0.956476189 0.025217590 0.018306221</span>
<span class="r-out co"><span class="r-pr">#&gt;</span> 20 0.951143415 0.031490947 0.017365638</span>
<span class="r-out co"><span class="r-pr">#&gt;</span> 21 0.959398293 0.023903159 0.016698548</span>
<span class="r-out co"><span class="r-pr">#&gt;</span> 22 0.951029511 0.024514896 0.024455593</span>
<span class="r-out co"><span class="r-pr">#&gt;</span> 23 0.944831578 0.038361661 0.016806761</span>
<span class="r-out co"><span class="r-pr">#&gt;</span> 24 0.962832146 0.021532656 0.015635198</span>
<span class="r-out co"><span class="r-pr">#&gt;</span> 25 0.943963470 0.038356821 0.017679709</span>
<span class="r-out co"><span class="r-pr">#&gt;</span> 26 0.961153875 0.024412795 0.014433330</span>
