<!DOCTYPE html>
<!-- Generated by pkgdown: do not edit by hand --><html lang="en-US"><head><meta http-equiv="Content-Type" content="text/html; charset=UTF-8"><meta charset="utf-8"><meta http-equiv="X-UA-Compatible" content="IE=edge"><meta name="viewport" content="width=device-width, initial-scale=1.0"><title>Supervised classification and regression using support vector machine — mlSvm • mlearning</title><!-- favicons --><link rel="icon" type="image/png" sizes="16x16" href="../favicon-16x16.png"><link rel="icon" type="image/png" sizes="32x32" href="../favicon-32x32.png"><link rel="apple-touch-icon" type="image/png" sizes="180x180" href="../apple-touch-icon.png"><link rel="apple-touch-icon" type="image/png" sizes="152x152" href="../apple-touch-icon-152x152.png"><link rel="apple-touch-icon" type="image/png" sizes="120x120" href="../apple-touch-icon-120x120.png"><link rel="apple-touch-icon" type="image/png" sizes="76x76" href="../apple-touch-icon-76x76.png"><link rel="apple-touch-icon" type="image/png" sizes="60x60" href="../apple-touch-icon-60x60.png"><!-- jquery --><script src="https://cdnjs.cloudflare.com/ajax/libs/jquery/3.7.1/jquery.min.js" integrity="sha512-v2CJ7UaYy4JwqLDIrZUI/4hqeoQieOmAZNXBeQyjo21dadnwR+8ZaIJVT8EE2iyI61OV8e6M8PP2/4hpQINQ/g==" crossorigin="anonymous" referrerpolicy="no-referrer"></script><!-- Bootstrap --><link rel="stylesheet" href="https://cdnjs.cloudflare.com/ajax/libs/twitter-bootstrap/3.4.1/css/bootstrap.min.css" integrity="sha256-bZLfwXAP04zRMK2BjiO8iu9pf4FbLqX6zitd+tIvLhE=" crossorigin="anonymous"><script src="https://cdnjs.cloudflare.com/ajax/libs/twitter-bootstrap/3.4.1/js/bootstrap.min.js" integrity="sha256-nuL8/2cJ5NDSSwnKD8VqreErSWHtnEP9E7AySL+1ev4=" crossorigin="anonymous"></script><!-- bootstrap-toc --><link rel="stylesheet" href="../bootstrap-toc.css"><script src="../bootstrap-toc.js"></script><!-- Font Awesome icons --><link rel="stylesheet" href="https://cdnjs.cloudflare.com/ajax/libs/font-awesome/5.11.1/css/all.min.css" integrity="sha256-PbSmjxuVAzJ6FPvNYsrXygfGhNJYyZ2GktDbkMBqQZg=" crossorigin="anonymous"><link rel="stylesheet" href="https://cdnjs.cloudflare.com/ajax/libs/font-awesome/5.11.1/css/v4-shims.min.css" integrity="sha256-A6jcAdwFD48VMjlI3GDxUd+eCQa7/KWy6G9oe/ovaPA=" crossorigin="anonymous"><!-- clipboard.js --><script src="https://cdnjs.cloudflare.com/ajax/libs/clipboard.js/2.0.4/clipboard.min.js" integrity="sha256-FiZwavyI2V6+EXO1U+xzLG3IKldpiTFf3153ea9zikQ=" crossorigin="anonymous"></script><!-- headroom.js --><script src="https://cdnjs.cloudflare.com/ajax/libs/headroom/0.9.4/headroom.min.js" integrity="sha256-DJFC1kqIhelURkuza0AvYal5RxMtpzLjFhsnVIeuk+U=" crossorigin="anonymous"></script><script src="https://cdnjs.cloudflare.com/ajax/libs/headroom/0.9.4/jQuery.headroom.min.js" integrity="sha256-ZX/yNShbjqsohH1k95liqY9Gd8uOiE1S4vZc+9KQ1K4=" crossorigin="anonymous"></script><!-- pkgdown --><link href="../pkgdown.css" rel="stylesheet"><script src="../pkgdown.js"></script><!-- svPkgdown --><script src="../script.js"></script><!-- themify icon --><link rel="stylesheet" href="../themify-icons.css?nocache=123"><!--<link rel="stylesheet" href="../style.css?nocache=123">--><!-- bootstrat v4.1.1, required CSS from more recent version --><link rel="stylesheet" href="../bootstrap.more.css?nocache=123"><link href="../style.css?nocache=123" rel="stylesheet"><!-- end of addition for svPkgdown --><meta property="og:title" content="Supervised classification and regression using support vector machine — mlSvm"><meta property="og:description" content="Unified (formula-based) interface version of the support vector machine
algorithm provided by e1071::svm()."><meta property="og:image" content="https://www.sciviews.org/mlearning/logo.png"><meta name="twitter:card" content="summary"><!-- Mathjax --><script src="https://cdnjs.cloudflare.com/ajax/libs/mathjax/2.7.6/MathJax.js" async integrity="sha256-nlrDrBTHxJJlDDX22AS33xYI1OJHnGMDhiYMSe2U0e0=" crossorigin="anonymous"></script><script src="https://cdnjs.cloudflare.com/ajax/libs/mathjax/2.7.6/config/TeX-AMS-MML_HTMLorMML.js" async integrity="sha256-4zys9A4hMQmtq2EUL+JRoXc0NZi8jVJMzb8onewOaSQ=" crossorigin="anonymous"></script><!-- Global site tag (gtag.js) - Google Analytics --><!--<script async src="https://www.googletagmanager.com/gtag/js?id=UA-462421-8"></script>
<script>
  window.dataLayer = window.dataLayer || [];
  function gtag(){dataLayer.push(arguments);}
  gtag('js', new Date());

  gtag('config', 'UA-462421-8');
</script>--></head><body data-spy="scroll" data-target="#toc">


    <div class="container template-reference-topic">
      <header><!-- preloader start --><div class="preloader">
  <img src="../preloader.gif" alt="loading..."></div>
<!-- preloader end -->

<div class="navbar navbar-default navbar-fixed-top bg-secondary" role="navigation">
  <div class="container">
    <div class="navbar-header">
      <button type="button" class="navbar-toggle collapsed" data-toggle="collapse" data-target="#navbar" aria-expanded="false">
        <span class="sr-only">Toggle navigation</span>
        <span class="icon-bar"></span>
        <span class="icon-bar"></span>
        <span class="icon-bar"></span>
      </button>
      <div class="navbar-brand-container">
       <div class="navbar-brand-logo">
         <a class="external-link navbar-brand" href="https://www.sciviews.org">
          <img src="../logo_full.png" alt="SciViews"></a>
       </div>
       <div class="navbar-brand-package">
      </div>
      </div>
    </div>

    <div id="navbar" class="navbar-collapse collapse">
      <!-- start svPkgdown global site search with Google -->
      <form action="https://www.google.com/search" class="navbar-form navbar-right search-form-global">
        <div class="form-group has-search">
          <span class="fa fa-search form-control-feedback-global"></span>
          <input type="text" class="form-control-global search-form-input" name="q" id="q" placeholder="Search..." required><input type="hidden" name="sitesearch" value="https://www.sciviews.org"></div>
      </form>
      <!-- end svPkgdown global site search with Google -->
      <ul class="nav navbar-nav navbar-right"><li>
  <a href="../articles/mlearning.html">Get started</a>
</li>
<li>
  <a href="../reference/index.html">Reference</a>
</li>
<li>
  <a href="../news/index.html">Changelog</a>
</li>
        <li>
  <a href="https://github.com/SciViews/mlearning/" class="external-link">
    <span class="fab fa-github fa-lg"></span>

  </a>
</li>
      </ul><div class="navbar-title">
        <a class="navbar-brand" href="../index.html"><p class="h2">mlearning <small>v1.2.1</small></p></a>
      </div>
    </div><!--/.nav-collapse -->
  </div><!--/.container -->
  <div class="navbar-spacer bg-light">
  </div>
</div><!--/.navbar -->



      </header><div class="row">
  <div class="col-md-9 contents">
    <div class="page-header">
    <h1>Supervised classification and regression using support vector machine</h1>
    <small class="dont-index">Source: <a href="https://github.com/SciViews/mlearning/blob/master/R/ml_svm.R" class="external-link"><code>R/ml_svm.R</code></a></small>
    <div class="hidden name"><code>mlSvm.Rd</code></div>
    </div>

    <div class="ref-description">
    <p>Unified (formula-based) interface version of the support vector machine
algorithm provided by <code><a href="https://rdrr.io/pkg/e1071/man/svm.html" class="external-link">e1071::svm()</a></code>.</p>
    </div>

    <div id="ref-usage">
    <div class="sourceCode"><pre class="sourceCode r"><code><span><span class="fu">mlSvm</span><span class="op">(</span><span class="va">train</span>, <span class="va">...</span><span class="op">)</span></span>
<span></span>
<span><span class="fu">ml_svm</span><span class="op">(</span><span class="va">train</span>, <span class="va">...</span><span class="op">)</span></span>
<span></span>
<span><span class="co"># S3 method for class 'formula'</span></span>
<span><span class="fu">mlSvm</span><span class="op">(</span></span>
<span>  <span class="va">formula</span>,</span>
<span>  <span class="va">data</span>,</span>
<span>  scale <span class="op">=</span> <span class="cn">TRUE</span>,</span>
<span>  type <span class="op">=</span> <span class="cn">NULL</span>,</span>
<span>  kernel <span class="op">=</span> <span class="st">"radial"</span>,</span>
<span>  classwt <span class="op">=</span> <span class="cn">NULL</span>,</span>
<span>  <span class="va">...</span>,</span>
<span>  <span class="va">subset</span>,</span>
<span>  <span class="va">na.action</span></span>
<span><span class="op">)</span></span>
<span></span>
<span><span class="co"># Default S3 method</span></span>
<span><span class="fu">mlSvm</span><span class="op">(</span></span>
<span>  <span class="va">train</span>,</span>
<span>  <span class="va">response</span>,</span>
<span>  scale <span class="op">=</span> <span class="cn">TRUE</span>,</span>
<span>  type <span class="op">=</span> <span class="cn">NULL</span>,</span>
<span>  kernel <span class="op">=</span> <span class="st">"radial"</span>,</span>
<span>  classwt <span class="op">=</span> <span class="cn">NULL</span>,</span>
<span>  <span class="va">...</span></span>
<span><span class="op">)</span></span>
<span></span>
<span><span class="co"># S3 method for class 'mlSvm'</span></span>
<span><span class="fu"><a href="https://rdrr.io/r/stats/predict.html" class="external-link">predict</a></span><span class="op">(</span></span>
<span>  <span class="va">object</span>,</span>
<span>  <span class="va">newdata</span>,</span>
<span>  type <span class="op">=</span> <span class="fu"><a href="https://rdrr.io/r/base/c.html" class="external-link">c</a></span><span class="op">(</span><span class="st">"class"</span>, <span class="st">"membership"</span>, <span class="st">"both"</span><span class="op">)</span>,</span>
<span>  method <span class="op">=</span> <span class="fu"><a href="https://rdrr.io/r/base/c.html" class="external-link">c</a></span><span class="op">(</span><span class="st">"direct"</span>, <span class="st">"cv"</span><span class="op">)</span>,</span>
<span>  na.action <span class="op">=</span> <span class="va">na.exclude</span>,</span>
<span>  <span class="va">...</span></span>
<span><span class="op">)</span></span></code></pre></div>
    </div>

    <div id="arguments">
    <h2>Arguments</h2>


<dl><dt id="arg-train">train<a class="anchor" aria-label="anchor" href="#arg-train"></a></dt>
<dd><p>a matrix or data frame with predictors.</p></dd>


<dt id="arg--">...<a class="anchor" aria-label="anchor" href="#arg--"></a></dt>
<dd><p>further arguments passed to the classification or regression
method. See <code><a href="https://rdrr.io/pkg/e1071/man/svm.html" class="external-link">e1071::svm()</a></code>.</p></dd>


<dt id="arg-formula">formula<a class="anchor" aria-label="anchor" href="#arg-formula"></a></dt>
<dd><p>a formula with left term being the factor variable to predict
(for supervised classification), a vector of numbers (for regression) or
nothing (for unsupervised classification) and the right term with the list
of independent, predictive variables, separated with a plus sign. If the
data frame provided contains only the dependent and independent variables,
one can use the <code>class ~ .</code> short version (that one is strongly encouraged).
Variables with minus sign are eliminated. Calculations on variables are
possible according to usual formula convention (possibly protected by using
<code><a href="https://rdrr.io/r/base/AsIs.html" class="external-link">I()</a></code>).</p></dd>


<dt id="arg-data">data<a class="anchor" aria-label="anchor" href="#arg-data"></a></dt>
<dd><p>a data.frame to use as a training set.</p></dd>


<dt id="arg-scale">scale<a class="anchor" aria-label="anchor" href="#arg-scale"></a></dt>
<dd><p>are the variables scaled (so that mean = 0 and standard
deviation = 1)? <code>TRUE</code> by default. If a vector is provided, it is applied
to variables with recycling.</p></dd>


<dt id="arg-type">type<a class="anchor" aria-label="anchor" href="#arg-type"></a></dt>
<dd><p>For <code>ml_svm()</code>/<code>mlSvm()</code>, the type of classification or
regression machine to use. The default value of <code>NULL</code> uses
<code>"C-classification"</code> if response variable is factor and  <code>eps-regression</code>
if it is numeric. It can also be <code>"nu-classification"</code> or
<code>"nu-regression"</code>. The "C" and "nu" versions are basically the same but
with a different parameterisation. The range of C is from zero to infinity,
while the range for nu is from zero to one. A fifth option is
<code>"one_classification"</code> that is specific to novelty detection (find the
items that are different from the rest).
For <code><a href="https://rdrr.io/r/stats/predict.html" class="external-link">predict()</a></code>, the type of prediction to return. <code>"class"</code> by default,
the predicted classes. Other options are <code>"membership"</code> the membership
(number between 0 and 1) to the different classes, or  <code>"both"</code> to return
classes and memberships.</p></dd>


<dt id="arg-kernel">kernel<a class="anchor" aria-label="anchor" href="#arg-kernel"></a></dt>
<dd><p>the kernel used by svm, see <code><a href="https://rdrr.io/pkg/e1071/man/svm.html" class="external-link">e1071::svm()</a></code> for further
explanations. Can be <code>"radial"</code>, <code>"linear"</code>, <code>"polynomial"</code> or <code>"sigmoid"</code>.</p></dd>


<dt id="arg-classwt">classwt<a class="anchor" aria-label="anchor" href="#arg-classwt"></a></dt>
<dd><p>priors of the classes. Need not add up to one.</p></dd>


<dt id="arg-subset">subset<a class="anchor" aria-label="anchor" href="#arg-subset"></a></dt>
<dd><p>index vector with the cases to define the training set in use
(this argument must be named, if provided).</p></dd>


<dt id="arg-na-action">na.action<a class="anchor" aria-label="anchor" href="#arg-na-action"></a></dt>
<dd><p>function to specify the action to be taken if <code>NA</code>s are
found. For <code>ml_svm()</code> <code>na.fail</code> is used by default. The calculation is
stopped if there is any <code>NA</code> in the data. Another option is <code>na.omit</code>,
where cases with missing values on any required variable are dropped (this
argument must be named, if provided). For the <code><a href="https://rdrr.io/r/stats/predict.html" class="external-link">predict()</a></code> method, the
default, and most suitable option, is <code>na.exclude</code>. In that case, rows with
<code>NA</code>s in <code>newdata=</code> are excluded from prediction, but reinjected in the
final results so that the number of items is still the same (and in the
same order as <code>newdata=</code>).</p></dd>


<dt id="arg-response">response<a class="anchor" aria-label="anchor" href="#arg-response"></a></dt>
<dd><p>a vector of factor (classification) or numeric (regression).</p></dd>


<dt id="arg-object">object<a class="anchor" aria-label="anchor" href="#arg-object"></a></dt>
<dd><p>an <strong>mlSvm</strong> object</p></dd>


<dt id="arg-newdata">newdata<a class="anchor" aria-label="anchor" href="#arg-newdata"></a></dt>
<dd><p>a new dataset with same conformation as the training set (same
variables, except may by the class for classification or dependent variable
for regression). Usually a test set, or a new dataset to be predicted.</p></dd>


<dt id="arg-method">method<a class="anchor" aria-label="anchor" href="#arg-method"></a></dt>
<dd><p><code>"direct"</code> (default) or <code>"cv"</code>. <code>"direct"</code> predicts new cases in
<code>newdata=</code> if this argument is provided, or the cases in the training set
if not. Take care that not providing <code>newdata=</code> means that you just
calculate the <strong>self-consistency</strong> of the classifier but cannot use the
metrics derived from these results for the assessment of its performances.
Either use a different data set in <code>newdata=</code> or use the alternate
cross-validation ("cv") technique. If you specify <code>method = "cv"</code> then
<code><a href="mlearning.html">cvpredict()</a></code> is used and you cannot provide <code>newdata=</code> in that case.</p></dd>

</dl></div>
    <div id="value">
    <h2>Value</h2>
    <p><code>ml_svm()</code>/<code>mlSvm()</code> creates an <strong>mlSvm</strong>, <strong>mlearning</strong> object
containing the classifier and a lot of additional metadata used by the
functions and methods you can apply to it like <code><a href="https://rdrr.io/r/stats/predict.html" class="external-link">predict()</a></code> or
<code><a href="mlearning.html">cvpredict()</a></code>. In case you want to program new functions or extract
specific components, inspect the "unclassed" object using <code><a href="https://rdrr.io/r/base/class.html" class="external-link">unclass()</a></code>.</p>
    </div>
    <div id="see-also">
    <h2>See also</h2>
    <div class="dont-index"><p><code><a href="mlearning.html">mlearning()</a></code>, <code><a href="mlearning.html">cvpredict()</a></code>, <code><a href="confusion.html">confusion()</a></code>, also <code><a href="https://rdrr.io/pkg/e1071/man/svm.html" class="external-link">e1071::svm()</a></code>
that actually does the calculation.</p></div>
    </div>

    <div id="ref-examples">
    <h2>Examples</h2>
    <div class="sourceCode"><pre class="sourceCode r"><code><span class="r-in"><span><span class="co"># Prepare data: split into training set (2/3) and test set (1/3)</span></span></span>
<span class="r-in"><span><span class="fu"><a href="https://rdrr.io/r/utils/data.html" class="external-link">data</a></span><span class="op">(</span><span class="st">"iris"</span>, package <span class="op">=</span> <span class="st">"datasets"</span><span class="op">)</span></span></span>
<span class="r-in"><span><span class="va">train</span> <span class="op">&lt;-</span> <span class="fu"><a href="https://rdrr.io/r/base/c.html" class="external-link">c</a></span><span class="op">(</span><span class="fl">1</span><span class="op">:</span><span class="fl">34</span>, <span class="fl">51</span><span class="op">:</span><span class="fl">83</span>, <span class="fl">101</span><span class="op">:</span><span class="fl">133</span><span class="op">)</span></span></span>
<span class="r-in"><span><span class="va">iris_train</span> <span class="op">&lt;-</span> <span class="va">iris</span><span class="op">[</span><span class="va">train</span>, <span class="op">]</span></span></span>
<span class="r-in"><span><span class="va">iris_test</span> <span class="op">&lt;-</span> <span class="va">iris</span><span class="op">[</span><span class="op">-</span><span class="va">train</span>, <span class="op">]</span></span></span>
<span class="r-in"><span><span class="co"># One case with missing data in train set, and another case in test set</span></span></span>
<span class="r-in"><span><span class="va">iris_train</span><span class="op">[</span><span class="fl">1</span>, <span class="fl">1</span><span class="op">]</span> <span class="op">&lt;-</span> <span class="cn">NA</span></span></span>
<span class="r-in"><span><span class="va">iris_test</span><span class="op">[</span><span class="fl">25</span>, <span class="fl">2</span><span class="op">]</span> <span class="op">&lt;-</span> <span class="cn">NA</span></span></span>
<span class="r-in"><span></span></span>
<span class="r-in"><span><span class="va">iris_svm</span> <span class="op">&lt;-</span> <span class="fu">ml_svm</span><span class="op">(</span>data <span class="op">=</span> <span class="va">iris_train</span>, <span class="va">Species</span> <span class="op">~</span> <span class="va">.</span><span class="op">)</span></span></span>
<span class="r-in"><span><span class="fu"><a href="https://rdrr.io/r/base/summary.html" class="external-link">summary</a></span><span class="op">(</span><span class="va">iris_svm</span><span class="op">)</span></span></span>
<span class="r-out co"><span class="r-pr">#&gt;</span> A mlearning object of class mlSvm (support vector machine):</span>
<span class="r-out co"><span class="r-pr">#&gt;</span> Initial call: mlSvm.formula(formula = Species ~ ., data = iris_train)</span>
<span class="r-out co"><span class="r-pr">#&gt;</span> </span>
<span class="r-out co"><span class="r-pr">#&gt;</span> Call:</span>
<span class="r-out co"><span class="r-pr">#&gt;</span> svm.default(x = sapply(train, as.numeric), y = response, scale = scale, </span>
<span class="r-out co"><span class="r-pr">#&gt;</span>     type = type, kernel = kernel, class.weights = classwt, probability = TRUE, </span>
<span class="r-out co"><span class="r-pr">#&gt;</span>     .args. = ..1)</span>
<span class="r-out co"><span class="r-pr">#&gt;</span> </span>
<span class="r-out co"><span class="r-pr">#&gt;</span> </span>
<span class="r-out co"><span class="r-pr">#&gt;</span> Parameters:</span>
<span class="r-out co"><span class="r-pr">#&gt;</span>    SVM-Type:  C-classification </span>
<span class="r-out co"><span class="r-pr">#&gt;</span>  SVM-Kernel:  radial </span>
<span class="r-out co"><span class="r-pr">#&gt;</span>        cost:  1 </span>
<span class="r-out co"><span class="r-pr">#&gt;</span> </span>
<span class="r-out co"><span class="r-pr">#&gt;</span> Number of Support Vectors:  42</span>
<span class="r-out co"><span class="r-pr">#&gt;</span> </span>
<span class="r-out co"><span class="r-pr">#&gt;</span>  ( 8 17 17 )</span>
<span class="r-out co"><span class="r-pr">#&gt;</span> </span>
<span class="r-out co"><span class="r-pr">#&gt;</span> </span>
<span class="r-out co"><span class="r-pr">#&gt;</span> Number of Classes:  3 </span>
<span class="r-out co"><span class="r-pr">#&gt;</span> </span>
<span class="r-out co"><span class="r-pr">#&gt;</span> Levels: </span>
<span class="r-out co"><span class="r-pr">#&gt;</span>  setosa versicolor virginica</span>
<span class="r-out co"><span class="r-pr">#&gt;</span> </span>
<span class="r-out co"><span class="r-pr">#&gt;</span> </span>
<span class="r-out co"><span class="r-pr">#&gt;</span> </span>
<span class="r-in"><span><span class="fu"><a href="https://rdrr.io/r/stats/predict.html" class="external-link">predict</a></span><span class="op">(</span><span class="va">iris_svm</span><span class="op">)</span> <span class="co"># Default type is class</span></span></span>
<span class="r-out co"><span class="r-pr">#&gt;</span>  [1] setosa     setosa     setosa     setosa     setosa     setosa    </span>
<span class="r-out co"><span class="r-pr">#&gt;</span>  [7] setosa     setosa     setosa     setosa     setosa     setosa    </span>
<span class="r-out co"><span class="r-pr">#&gt;</span> [13] setosa     setosa     setosa     setosa     setosa     setosa    </span>
<span class="r-out co"><span class="r-pr">#&gt;</span> [19] setosa     setosa     setosa     setosa     setosa     setosa    </span>
<span class="r-out co"><span class="r-pr">#&gt;</span> [25] setosa     setosa     setosa     setosa     setosa     setosa    </span>
<span class="r-out co"><span class="r-pr">#&gt;</span> [31] setosa     setosa     setosa     versicolor versicolor versicolor</span>
<span class="r-out co"><span class="r-pr">#&gt;</span> [37] versicolor versicolor versicolor versicolor versicolor versicolor</span>
<span class="r-out co"><span class="r-pr">#&gt;</span> [43] versicolor versicolor versicolor versicolor versicolor versicolor</span>
<span class="r-out co"><span class="r-pr">#&gt;</span> [49] versicolor versicolor versicolor versicolor versicolor versicolor</span>
<span class="r-out co"><span class="r-pr">#&gt;</span> [55] versicolor versicolor versicolor versicolor versicolor versicolor</span>
<span class="r-out co"><span class="r-pr">#&gt;</span> [61] virginica  versicolor versicolor versicolor versicolor versicolor</span>
<span class="r-out co"><span class="r-pr">#&gt;</span> [67] virginica  virginica  virginica  virginica  virginica  virginica </span>
<span class="r-out co"><span class="r-pr">#&gt;</span> [73] virginica  virginica  virginica  virginica  virginica  virginica </span>
<span class="r-out co"><span class="r-pr">#&gt;</span> [79] virginica  virginica  virginica  virginica  virginica  virginica </span>
<span class="r-out co"><span class="r-pr">#&gt;</span> [85] virginica  versicolor virginica  virginica  virginica  virginica </span>
<span class="r-out co"><span class="r-pr">#&gt;</span> [91] virginica  virginica  virginica  virginica  virginica  virginica </span>
<span class="r-out co"><span class="r-pr">#&gt;</span> [97] virginica  virginica  virginica </span>
<span class="r-out co"><span class="r-pr">#&gt;</span> Levels: setosa versicolor virginica</span>
<span class="r-in"><span><span class="fu"><a href="https://rdrr.io/r/stats/predict.html" class="external-link">predict</a></span><span class="op">(</span><span class="va">iris_svm</span>, type <span class="op">=</span> <span class="st">"membership"</span><span class="op">)</span></span></span>
<span class="r-out co"><span class="r-pr">#&gt;</span>         setosa  versicolor   virginica</span>
<span class="r-out co"><span class="r-pr">#&gt;</span> 1  0.951435407 0.032495056 0.016069537</span>
<span class="r-out co"><span class="r-pr">#&gt;</span> 2  0.967421887 0.018725299 0.013852813</span>
<span class="r-out co"><span class="r-pr">#&gt;</span> 3  0.961369888 0.023695552 0.014934560</span>
<span class="r-out co"><span class="r-pr">#&gt;</span> 4  0.961970702 0.021769233 0.016260065</span>
<span class="r-out co"><span class="r-pr">#&gt;</span> 5  0.951444898 0.030272876 0.018282226</span>
<span class="r-out co"><span class="r-pr">#&gt;</span> 6  0.961648171 0.021735205 0.016616624</span>
<span class="r-out co"><span class="r-pr">#&gt;</span> 7  0.966566032 0.019683307 0.013750661</span>
<span class="r-out co"><span class="r-pr">#&gt;</span> 8  0.939087335 0.039362615 0.021550049</span>
<span class="r-out co"><span class="r-pr">#&gt;</span> 9  0.961482968 0.023862047 0.014654986</span>
<span class="r-out co"><span class="r-pr">#&gt;</span> 10 0.956167098 0.026513386 0.017319516</span>
<span class="r-out co"><span class="r-pr">#&gt;</span> 11 0.966243128 0.019207398 0.014549474</span>
<span class="r-out co"><span class="r-pr">#&gt;</span> 12 0.956682437 0.027285520 0.016032043</span>
<span class="r-out co"><span class="r-pr">#&gt;</span> 13 0.949678444 0.028610096 0.021711460</span>
<span class="r-out co"><span class="r-pr">#&gt;</span> 14 0.936701836 0.037460383 0.025837782</span>
<span class="r-out co"><span class="r-pr">#&gt;</span> 15 0.929482341 0.038350057 0.032167602</span>
<span class="r-out co"><span class="r-pr">#&gt;</span> 16 0.951630696 0.029577288 0.018792016</span>
<span class="r-out co"><span class="r-pr">#&gt;</span> 17 0.964122957 0.021587898 0.014289145</span>
<span class="r-out co"><span class="r-pr">#&gt;</span> 18 0.940388161 0.039470315 0.020141524</span>
<span class="r-out co"><span class="r-pr">#&gt;</span> 19 0.955065763 0.026427755 0.018506481</span>
<span class="r-out co"><span class="r-pr">#&gt;</span> 20 0.949883784 0.033146769 0.016969446</span>
<span class="r-out co"><span class="r-pr">#&gt;</span> 21 0.958244061 0.025083289 0.016672649</span>
<span class="r-out co"><span class="r-pr">#&gt;</span> 22 0.949643233 0.025470079 0.024886688</span>
<span class="r-out co"><span class="r-pr">#&gt;</span> 23 0.943275976 0.040379217 0.016344806</span>
<span class="r-out co"><span class="r-pr">#&gt;</span> 24 0.961890201 0.022648916 0.015460883</span>
<span class="r-out co"><span class="r-pr">#&gt;</span> 25 0.942359242 0.040362196 0.017278562</span>
<span class="r-out co"><span class="r-pr">#&gt;</span> 26 0.960129872 0.025719736 0.014150392</span>
<span class="r-out co"><span class="r-pr">#&gt;</span> 27 0.962750449 0.022429270 0.014820281</span>
<span class="r-out co"><span class="r-pr">#&gt;</span> 28 0.963158541 0.022357989 0.014483471</span>
<span class="r-out co"><span class="r-pr">#&gt;</span> 29 0.964684283 0.021355352 0.013960365</span>
<span class="r-out co"><span class="r-pr">#&gt;</span> 30 0.959431859 0.026279122 0.014289019</span>
<span class="r-out co"><span class="r-pr">#&gt;</span> 31 0.945363652 0.037748931 0.016887418</span>
<span class="r-out co"><span class="r-pr">#&gt;</span> 32 0.938688170 0.033084142 0.028227688</span>
<span class="r-out co"><span class="r-pr">#&gt;</span> 33 0.941674653 0.032351094 0.025974253</span>
<span class="r-out co"><span class="r-pr">#&gt;</span> 34 0.020376949 0.913159905 0.066463145</span>
<span class="r-out co"><span class="r-pr">#&gt;</span> 35 0.016536573 0.952512821 0.030950606</span>
<span class="r-out co"><span class="r-pr">#&gt;</span> 36 0.017384687 0.803813058 0.178802255</span>
<span class="r-out co"><span class="r-pr">#&gt;</span> 37 0.009192886 0.949429297 0.041377817</span>
<span class="r-out co"><span class="r-pr">#&gt;</span> 38 0.010744284 0.890012560 0.099243156</span>
<span class="r-out co"><span class="r-pr">#&gt;</span> 39 0.010380721 0.968421867 0.021197411</span>
<span class="r-out co"><span class="r-pr">#&gt;</span> 40 0.020808643 0.894479956 0.084711401</span>
<span class="r-out co"><span class="r-pr">#&gt;</span> 41 0.029144442 0.948715979 0.022139579</span>
<span class="r-out co"><span class="r-pr">#&gt;</span> 42 0.012447147 0.970086031 0.017466823</span>
<span class="r-out co"><span class="r-pr">#&gt;</span> 43 0.014298827 0.944050100 0.041651073</span>
<span class="r-out co"><span class="r-pr">#&gt;</span> 44 0.023668094 0.933642795 0.042689112</span>
<span class="r-out co"><span class="r-pr">#&gt;</span> 45 0.013225677 0.964647389 0.022126934</span>
<span class="r-out co"><span class="r-pr">#&gt;</span> 46 0.017936267 0.970331588 0.011732145</span>
<span class="r-out co"><span class="r-pr">#&gt;</span> 47 0.009962070 0.948737516 0.041300414</span>
<span class="r-out co"><span class="r-pr">#&gt;</span> 48 0.022407953 0.970649080 0.006942967</span>
<span class="r-out co"><span class="r-pr">#&gt;</span> 49 0.015266274 0.966054220 0.018679506</span>
<span class="r-out co"><span class="r-pr">#&gt;</span> 50 0.015651888 0.927584040 0.056764072</span>
<span class="r-out co"><span class="r-pr">#&gt;</span> 51 0.014710478 0.981602344 0.003687177</span>
<span class="r-out co"><span class="r-pr">#&gt;</span> 52 0.019437934 0.767576123 0.212985944</span>
<span class="r-out co"><span class="r-pr">#&gt;</span> 53 0.010710351 0.982324234 0.006965415</span>
<span class="r-out co"><span class="r-pr">#&gt;</span> 54 0.022780858 0.580459144 0.396759999</span>
<span class="r-out co"><span class="r-pr">#&gt;</span> 55 0.010590610 0.984022822 0.005386567</span>
<span class="r-out co"><span class="r-pr">#&gt;</span> 56 0.013381974 0.644810681 0.341807344</span>
<span class="r-out co"><span class="r-pr">#&gt;</span> 57 0.010493135 0.977234695 0.012272170</span>
<span class="r-out co"><span class="r-pr">#&gt;</span> 58 0.011473693 0.981079180 0.007447127</span>
<span class="r-out co"><span class="r-pr">#&gt;</span> 59 0.012801209 0.969056993 0.018141799</span>
<span class="r-out co"><span class="r-pr">#&gt;</span> 60 0.014461560 0.892688425 0.092850014</span>
<span class="r-out co"><span class="r-pr">#&gt;</span> 61 0.015467733 0.372974844 0.611557423</span>
<span class="r-out co"><span class="r-pr">#&gt;</span> 62 0.009839872 0.932139472 0.058020656</span>
<span class="r-out co"><span class="r-pr">#&gt;</span> 63 0.018704013 0.976862735 0.004433251</span>
<span class="r-out co"><span class="r-pr">#&gt;</span> 64 0.010826439 0.979389110 0.009784451</span>
<span class="r-out co"><span class="r-pr">#&gt;</span> 65 0.013283440 0.979717978 0.006998581</span>
<span class="r-out co"><span class="r-pr">#&gt;</span> 66 0.011174678 0.984087777 0.004737544</span>
<span class="r-out co"><span class="r-pr">#&gt;</span> 67 0.018934576 0.005128582 0.975936842</span>
<span class="r-out co"><span class="r-pr">#&gt;</span> 68 0.010241168 0.033166442 0.956592390</span>
<span class="r-out co"><span class="r-pr">#&gt;</span> 69 0.010293102 0.004048125 0.985658773</span>
<span class="r-out co"><span class="r-pr">#&gt;</span> 70 0.011678547 0.031769898 0.956551555</span>
<span class="r-out co"><span class="r-pr">#&gt;</span> 71 0.010747414 0.002317462 0.986935124</span>
<span class="r-out co"><span class="r-pr">#&gt;</span> 72 0.012780102 0.005095037 0.982124861</span>
<span class="r-out co"><span class="r-pr">#&gt;</span> 73 0.015752466 0.342010905 0.642236628</span>
<span class="r-out co"><span class="r-pr">#&gt;</span> 74 0.012978282 0.010860603 0.976161115</span>
<span class="r-out co"><span class="r-pr">#&gt;</span> 75 0.013531228 0.021329860 0.965138913</span>
<span class="r-out co"><span class="r-pr">#&gt;</span> 76 0.018582795 0.010818636 0.970598569</span>
<span class="r-out co"><span class="r-pr">#&gt;</span> 77 0.016124777 0.072862659 0.911012564</span>
<span class="r-out co"><span class="r-pr">#&gt;</span> 78 0.010596973 0.020652857 0.968750170</span>
<span class="r-out co"><span class="r-pr">#&gt;</span> 79 0.010846105 0.006461385 0.982692509</span>
<span class="r-out co"><span class="r-pr">#&gt;</span> 80 0.009928666 0.019142540 0.970928794</span>
<span class="r-out co"><span class="r-pr">#&gt;</span> 81 0.013905959 0.002945159 0.983148882</span>
<span class="r-out co"><span class="r-pr">#&gt;</span> 82 0.015209591 0.008780321 0.976010087</span>
<span class="r-out co"><span class="r-pr">#&gt;</span> 83 0.012832457 0.054172745 0.932994797</span>
<span class="r-out co"><span class="r-pr">#&gt;</span> 84 0.022384153 0.017802168 0.959813678</span>
<span class="r-out co"><span class="r-pr">#&gt;</span> 85 0.022620316 0.011881550 0.965498135</span>
<span class="r-out co"><span class="r-pr">#&gt;</span> 86 0.017609775 0.529588049 0.452802176</span>
<span class="r-out co"><span class="r-pr">#&gt;</span> 87 0.011657396 0.004088398 0.984254206</span>
<span class="r-out co"><span class="r-pr">#&gt;</span> 88 0.012226199 0.036128210 0.951645591</span>
<span class="r-out co"><span class="r-pr">#&gt;</span> 89 0.016765539 0.009582056 0.973652404</span>
<span class="r-out co"><span class="r-pr">#&gt;</span> 90 0.012042371 0.134353046 0.853604583</span>
<span class="r-out co"><span class="r-pr">#&gt;</span> 91 0.013414975 0.013215498 0.973369527</span>
<span class="r-out co"><span class="r-pr">#&gt;</span> 92 0.012570275 0.021295114 0.966134611</span>
<span class="r-out co"><span class="r-pr">#&gt;</span> 93 0.012594640 0.206725604 0.780679756</span>
<span class="r-out co"><span class="r-pr">#&gt;</span> 94 0.015233331 0.288860750 0.695905919</span>
<span class="r-out co"><span class="r-pr">#&gt;</span> 95 0.010085994 0.002964673 0.986949333</span>
<span class="r-out co"><span class="r-pr">#&gt;</span> 96 0.016266325 0.090945767 0.892787908</span>
<span class="r-out co"><span class="r-pr">#&gt;</span> 97 0.013559946 0.011460076 0.974979978</span>
<span class="r-out co"><span class="r-pr">#&gt;</span> 98 0.024362323 0.022896266 0.952741411</span>
<span class="r-out co"><span class="r-pr">#&gt;</span> 99 0.010367957 0.002026379 0.987605664</span>
<span class="r-in"><span><span class="fu"><a href="https://rdrr.io/r/stats/predict.html" class="external-link">predict</a></span><span class="op">(</span><span class="va">iris_svm</span>, type <span class="op">=</span> <span class="st">"both"</span><span class="op">)</span></span></span>
<span class="r-out co"><span class="r-pr">#&gt;</span> $class</span>
<span class="r-out co"><span class="r-pr">#&gt;</span>  [1] setosa     setosa     setosa     setosa     setosa     setosa    </span>
<span class="r-out co"><span class="r-pr">#&gt;</span>  [7] setosa     setosa     setosa     setosa     setosa     setosa    </span>
<span class="r-out co"><span class="r-pr">#&gt;</span> [13] setosa     setosa     setosa     setosa     setosa     setosa    </span>
<span class="r-out co"><span class="r-pr">#&gt;</span> [19] setosa     setosa     setosa     setosa     setosa     setosa    </span>
<span class="r-out co"><span class="r-pr">#&gt;</span> [25] setosa     setosa     setosa     setosa     setosa     setosa    </span>
<span class="r-out co"><span class="r-pr">#&gt;</span> [31] setosa     setosa     setosa     versicolor versicolor versicolor</span>
<span class="r-out co"><span class="r-pr">#&gt;</span> [37] versicolor versicolor versicolor versicolor versicolor versicolor</span>
<span class="r-out co"><span class="r-pr">#&gt;</span> [43] versicolor versicolor versicolor versicolor versicolor versicolor</span>
<span class="r-out co"><span class="r-pr">#&gt;</span> [49] versicolor versicolor versicolor versicolor versicolor versicolor</span>
<span class="r-out co"><span class="r-pr">#&gt;</span> [55] versicolor versicolor versicolor versicolor versicolor versicolor</span>
<span class="r-out co"><span class="r-pr">#&gt;</span> [61] virginica  versicolor versicolor versicolor versicolor versicolor</span>
<span class="r-out co"><span class="r-pr">#&gt;</span> [67] virginica  virginica  virginica  virginica  virginica  virginica </span>
<span class="r-out co"><span class="r-pr">#&gt;</span> [73] virginica  virginica  virginica  virginica  virginica  virginica </span>
<span class="r-out co"><span class="r-pr">#&gt;</span> [79] virginica  virginica  virginica  virginica  virginica  virginica </span>
<span class="r-out co"><span class="r-pr">#&gt;</span> [85] virginica  versicolor virginica  virginica  virginica  virginica </span>
<span class="r-out co"><span class="r-pr">#&gt;</span> [91] virginica  virginica  virginica  virginica  virginica  virginica </span>
<span class="r-out co"><span class="r-pr">#&gt;</span> [97] virginica  virginica  virginica </span>
<span class="r-out co"><span class="r-pr">#&gt;</span> Levels: setosa versicolor virginica</span>
<span class="r-out co"><span class="r-pr">#&gt;</span> </span>
<span class="r-out co"><span class="r-pr">#&gt;</span> $membership</span>
<span class="r-out co"><span class="r-pr">#&gt;</span>         setosa  versicolor   virginica</span>
<span class="r-out co"><span class="r-pr">#&gt;</span> 1  0.951435407 0.032495056 0.016069537</span>
<span class="r-out co"><span class="r-pr">#&gt;</span> 2  0.967421887 0.018725299 0.013852813</span>
<span class="r-out co"><span class="r-pr">#&gt;</span> 3  0.961369888 0.023695552 0.014934560</span>
<span class="r-out co"><span class="r-pr">#&gt;</span> 4  0.961970702 0.021769233 0.016260065</span>
<span class="r-out co"><span class="r-pr">#&gt;</span> 5  0.951444898 0.030272876 0.018282226</span>
<span class="r-out co"><span class="r-pr">#&gt;</span> 6  0.961648171 0.021735205 0.016616624</span>
<span class="r-out co"><span class="r-pr">#&gt;</span> 7  0.966566032 0.019683307 0.013750661</span>
<span class="r-out co"><span class="r-pr">#&gt;</span> 8  0.939087335 0.039362615 0.021550049</span>
<span class="r-out co"><span class="r-pr">#&gt;</span> 9  0.961482968 0.023862047 0.014654986</span>
<span class="r-out co"><span class="r-pr">#&gt;</span> 10 0.956167098 0.026513386 0.017319516</span>
<span class="r-out co"><span class="r-pr">#&gt;</span> 11 0.966243128 0.019207398 0.014549474</span>
<span class="r-out co"><span class="r-pr">#&gt;</span> 12 0.956682437 0.027285520 0.016032043</span>
<span class="r-out co"><span class="r-pr">#&gt;</span> 13 0.949678444 0.028610096 0.021711460</span>
<span class="r-out co"><span class="r-pr">#&gt;</span> 14 0.936701836 0.037460383 0.025837782</span>
<span class="r-out co"><span class="r-pr">#&gt;</span> 15 0.929482341 0.038350057 0.032167602</span>
<span class="r-out co"><span class="r-pr">#&gt;</span> 16 0.951630696 0.029577288 0.018792016</span>
<span class="r-out co"><span class="r-pr">#&gt;</span> 17 0.964122957 0.021587898 0.014289145</span>
<span class="r-out co"><span class="r-pr">#&gt;</span> 18 0.940388161 0.039470315 0.020141524</span>
<span class="r-out co"><span class="r-pr">#&gt;</span> 19 0.955065763 0.026427755 0.018506481</span>
<span class="r-out co"><span class="r-pr">#&gt;</span> 20 0.949883784 0.033146769 0.016969446</span>
